0.0002 0.99863981 0.0013601946 0 0
0.0004 0.99607978 0.003654467 0.00019826201 6.7487217e-05
0.0005 0.99747006 0.002299937 0.00020451264 2.549083e-05
0.0007 0.99385065 0.0056850412 0.00034378438 0.00012051986
0.001 0.98112262 0.015805584 0.0024642113 0.00060758029
0.002 0.17231645 0.26316382 0.31944249 0.24507724
0.003 0.15124198 0.24771227 0.32298865 0.2780571
0.004 0.13638278 0.23214001 0.32326406 0.30821315
0.005 0.12924554 0.22335202 0.31827655 0.32912588
0.008 0.11672495 0.20675622 0.3085873 0.36793152
0.007 0.12052631 0.21203898 0.3198941 0.34754061
0.009 0.11718389 0.20376647 0.29657341 0.38247624
0.01 0.11847943 0.205531 0.29376834 0.38222123
0.02 0.1109653 0.18981527 0.29580272 0.40341671
0.03 0.10573147 0.18476262 0.29782285 0.41168306
0.05 0.10250527 0.18001107 0.29593897 0.42154469
0.07 0.096938991 0.17594093 0.29500098 0.43211909
0.08 0.098601364 0.17612621 0.29445239 0.43082004
0.1 0.098491685 0.17431655 0.2957872 0.43140457
0.2 0.089206186 0.16346342 0.27480629 0.47252411
0.3 0.089335496 0.16438431 0.26710698 0.47917321
0.5 0.085772933 0.15953675 0.26444832 0.49024199
0.8 0.079660017 0.15484273 0.26781887 0.49767838
1 0.083059282 0.1547563 0.26438142 0.497803
2 0.081127546 0.15318592 0.27831045 0.48737608
3 0.082233321 0.15635108 0.29121223 0.47020337
5 0.083307159 0.15766069 0.29981006 0.45922209
10 0.083624378 0.15824766 0.30283009 0.45529787
